nan 
72 
73 
74 
75 
75 
76 
76 
77 
77 
78 
78 
79 
79 
79 
80 
158 
159 
159 
160 
160 
160 
160 
161 
161 
161 
161 
161 
161 
161 
161 
161 
241 
241 
241 
240 
240 
240 
240 
239 
239 
238 
238 
238 
237 
237 
236 
236 
313 
312 
311 
310 
310 
309 
308 
307 
306 
305 
304 
303 
302 
300 
299 
298 
371 
370 
368 
366 
365 
363 
362 
360 
359 
357 
355 
354 
352 
350 
349 
347 
414 
412 
410 
407 
405 
403 
401 
399 
397 
394 
392 
390 
388 
386 
383 
381 
499 
496 
493 
490 
558 
496 
495 
493 
491 
489 
487 
485 
483 
481 
479 
477 
474 
472 
470 
468 
546 
489 
487 
485 
483 
481 
479 
477 
475 
474 
472 
470 
468 
465 
463 
461 
541 
489 
487 
485 
483 
481 
479 
478 
476 
474 
472 
470 
468 
466 
463 
461 
539 
492 
490 
487 
485 
483 
481 
479 
477 
475 
473 
471 
468 
466 
464 
462 
535 
492 
489 
487 
485 
482 
480 
478 
475 
473 
471 
468 
466 
463 
461 
458 
526 
486 
484 
481 
479 
476 
473 
471 
468 
465 
463 
460 
457 
455 
452 
449 
568 
501 
498 
495 
564 
501 
500 
499 
497 
495 
493 
491 
489 
487 
484 
482 
480 
478 
475 
473 
553 
495 
493 
491 
489 
487 
485 
483 
481 
479 
477 
475 
473 
471 
469 
467 
547 
495 
493 
491 
489 
487 
485 
483 
481 
479 
477 
475 
473 
471 
469 
467 
545 
498 
495 
493 
491 
489 
487 
485 
482 
480 
478 
476 
474 
471 
469 
467 
541 
497 
495 
493 
490 
488 
485 
483 
481 
478 
476 
473 
471 
468 
466 
463 
531 
492 
489 
486 
484 
481 
478 
475 
473 
470 
467 
465 
462 
459 
456 
454 
573 
506 
503 
500 
570 
506 
506 
505 
504 
502 
500 
497 
495 
493 
490 
488 
486 
483 
481 
478 
560 
502 
500 
498 
496 
494 
491 
489 
487 
485 
483 
481 
478 
476 
474 
472 
554 
501 
499 
497 
495 
493 
491 
489 
487 
485 
483 
481 
478 
476 
474 
472 
551 
504 
502 
499 
497 
495 
493 
490 
488 
486 
484 
481 
479 
477 
474 
472 
547 
503 
501 
498 
496 
493 
491 
488 
486 
483 
481 
478 
476 
473 
471 
468 
537 
497 
494 
491 
489 
486 
483 
480 
478 
475 
472 
469 
466 
464 
461 
458 
579 
511 
508 
505 
575 
511 
511 
510 
510 
508 
506 
504 
501 
499 
496 
494 
491 
489 
486 
484 
568 
509 
507 
504 
502 
500 
498 
496 
493 
491 
489 
487 
484 
482 
480 
477 
561 
508 
506 
504 
502 
500 
497 
495 
493 
491 
489 
486 
484 
482 
479 
477 
558 
510 
508 
505 
503 
501 
499 
496 
494 
491 
489 
487 
484 
482 
480 
477 
553 
509 
507 
504 
502 
499 
496 
494 
491 
489 
486 
483 
481 
478 
475 
473 
542 
502 
500 
497 
494 
491 
488 
485 
482 
480 
477 
474 
471 
468 
465 
462 
584 
517 
513 
510 
581 
516 
516 
515 
515 
514 
513 
510 
508 
506 
503 
500 
498 
495 
492 
489 
576 
516 
514 
511 
509 
507 
504 
502 
500 
497 
495 
493 
490 
488 
485 
483 
569 
515 
513 
510 
508 
506 
504 
501 
499 
497 
494 
492 
490 
487 
485 
483 
565 
517 
514 
512 
509 
507 
505 
502 
500 
497 
495 
492 
490 
487 
485 
482 
559 
515 
513 
510 
507 
505 
502 
499 
497 
494 
491 
489 
486 
483 
480 
478 
548 
508 
505 
502 
499 
496 
493 
490 
487 
485 
482 
479 
476 
473 
470 
467 
590 
522 
519 
515 
587 
521 
521 
520 
520 
519 
518 
517 
515 
512 
509 
507 
504 
501 
498 
495 
584 
524 
521 
519 
516 
514 
511 
509 
506 
504 
501 
499 
496 
494 
491 
489 
576 
522 
520 
517 
515 
513 
510 
508 
505 
503 
501 
498 
496 
493 
491 
488 
572 
523 
521 
518 
516 
513 
511 
508 
506 
503 
501 
498 
496 
493 
490 
488 
566 
522 
519 
516 
513 
511 
508 
505 
502 
500 
497 
494 
491 
488 
486 
483 
554 
514 
511 
508 
505 
502 
499 
496 
493 
490 
486 
483 
480 
477 
474 
471 
596 
527 
524 
520 
592 
526 
525 
525 
525 
524 
524 
523 
521 
519 
516 
513 
510 
507 
504 
502 
593 
532 
529 
526 
524 
521 
518 
516 
513 
510 
508 
505 
503 
500 
497 
495 
584 
529 
527 
524 
522 
519 
517 
514 
512 
509 
507 
504 
502 
499 
497 
494 
579 
530 
527 
525 
522 
520 
517 
515 
512 
509 
507 
504 
501 
499 
496 
493 
572 
528 
525 
522 
520 
517 
514 
511 
508 
505 
502 
500 
497 
494 
491 
488 
560 
519 
516 
513 
510 
507 
504 
501 
498 
495 
491 
488 
485 
482 
479 
476 
601 
533 
529 
526 
598 
531 
530 
530 
529 
529 
529 
528 
527 
525 
523 
520 
517 
514 
511 
508 
602 
540 
537 
534 
531 
529 
526 
523 
520 
517 
515 
512 
509 
506 
504 
501 
592 
537 
534 
532 
529 
526 
524 
521 
519 
516 
513 
511 
508 
505 
503 
500 
587 
537 
534 
532 
529 
526 
524 
521 
518 
516 
513 
510 
507 
505 
502 
499 
579 
534 
532 
529 
526 
523 
520 
517 
514 
511 
508 
505 
502 
499 
496 
493 
566 
525 
522 
519 
516 
513 
509 
506 
503 
500 
497 
493 
490 
487 
484 
481 
607 
538 
535 
531 
604 
536 
535 
534 
534 
533 
533 
533 
532 
531 
529 
527 
524 
521 
518 
514 
611 
549 
546 
542 
539 
536 
533 
530 
528 
525 
522 
519 
516 
513 
510 
507 
600 
545 
542 
539 
536 
534 
531 
528 
525 
523 
520 
517 
514 
512 
509 
506 
594 
544 
541 
539 
536 
533 
530 
528 
525 
522 
519 
516 
513 
511 
508 
505 
586 
541 
538 
535 
532 
529 
526 
523 
520 
517 
514 
511 
508 
505 
502 
499 
573 
531 
528 
525 
521 
518 
515 
512 
508 
505 
502 
499 
495 
492 
489 
485 
613 
544 
540 
537 
610 
541 
540 
539 
538 
538 
537 
537 
537 
536 
535 
533 
531 
528 
524 
521 
621 
558 
554 
551 
548 
545 
541 
538 
535 
532 
529 
526 
523 
520 
517 
514 
609 
553 
550 
547 
544 
541 
538 
535 
533 
530 
527 
524 
521 
518 
515 
513 
602 
552 
549 
546 
543 
540 
537 
534 
531 
528 
526 
523 
520 
517 
514 
511 
593 
548 
545 
542 
539 
536 
532 
529 
526 
523 
520 
517 
514 
510 
507 
504 
579 
537 
534 
531 
527 
524 
521 
517 
514 
510 
507 
504 
500 
497 
494 
490 
619 
550 
546 
542 
616 
546 
545 
544 
543 
542 
542 
541 
541 
541 
540 
539 
537 
534 
531 
528 
631 
567 
564 
560 
557 
553 
550 
546 
543 
540 
537 
533 
530 
527 
524 
521 
618 
561 
558 
555 
552 
549 
546 
543 
540 
537 
534 
531 
528 
525 
522 
519 
610 
559 
556 
553 
550 
547 
544 
541 
538 
535 
532 
529 
526 
523 
520 
517 
601 
555 
552 
549 
545 
542 
539 
536 
532 
529 
526 
523 
519 
516 
513 
510 
585 
544 
540 
537 
533 
530 
526 
523 
519 
516 
512 
509 
506 
502 
499 
495 
626 
556 
552 
548 
622 
551 
550 
549 
548 
547 
546 
546 
545 
545 
545 
544 
543 
541 
538 
535 
641 
577 
573 
570 
566 
562 
559 
555 
551 
548 
544 
541 
538 
534 
531 
528 
627 
570 
566 
563 
560 
557 
554 
550 
547 
544 
541 
538 
535 
532 
529 
526 
618 
567 
564 
561 
558 
555 
551 
548 
545 
542 
539 
536 
533 
529 
526 
523 
608 
562 
559 
555 
552 
549 
545 
542 
539 
535 
532 
529 
525 
522 
519 
515 
592 
550 
547 
543 
539 
536 
532 
529 
525 
521 
518 
514 
511 
507 
504 
500 
632 
562 
558 
554 
627 
556 
555 
553 
552 
551 
551 
550 
550 
549 
549 
549 
548 
546 
544 
542 
651 
587 
583 
579 
575 
571 
568 
564 
560 
556 
553 
549 
545 
542 
538 
535 
637 
579 
575 
572 
568 
565 
562 
558 
555 
552 
549 
545 
542 
539 
536 
532 
627 
575 
572 
569 
565 
562 
559 
556 
552 
549 
546 
543 
539 
536 
533 
530 
616 
570 
566 
563 
559 
556 
552 
549 
545 
542 
538 
535 
532 
528 
525 
521 
599 
557 
553 
549 
546 
542 
538 
534 
531 
527 
523 
520 
516 
513 
509 
505 
638 
568 
564 
559 
634 
561 
560 
558 
557 
556 
555 
554 
554 
553 
553 
553 
552 
551 
550 
548 
661 
596 
593 
589 
585 
581 
577 
573 
569 
565 
561 
557 
554 
550 
546 
542 
646 
588 
584 
581 
577 
574 
570 
567 
563 
560 
556 
553 
550 
546 
543 
539 
636 
584 
580 
577 
573 
570 
566 
563 
560 
556 
553 
550 
546 
543 
539 
536 
624 
577 
573 
570 
566 
563 
559 
556 
552 
548 
545 
541 
538 
534 
531 
527 
606 
563 
560 
556 
552 
548 
544 
540 
537 
533 
529 
525 
522 
518 
514 
510 
645 
574 
570 
565 
640 
567 
565 
563 
562 
561 
559 
559 
558 
557 
557 
557 
556 
556 
555 
553 
670 
605 
602 
599 
595 
591 
587 
583 
578 
574 
570 
566 
562 
558 
554 
550 
657 
598 
594 
590 
586 
582 
579 
575 
571 
568 
564 
561 
557 
554 
550 
547 
645 
592 
589 
585 
581 
578 
574 
571 
567 
564 
560 
557 
553 
550 
546 
543 
632 
585 
581 
577 
574 
570 
566 
563 
559 
555 
552 
548 
544 
541 
537 
533 
613 
570 
566 
562 
558 
554 
550 
547 
543 
539 
535 
531 
527 
523 
520 
516 
651 
580 
576 
571 
646 
572 
570 
568 
567 
565 
564 
563 
562 
561 
561 
561 
560 
560 
559 
558 
677 
613 
611 
608 
605 
601 
597 
592 
588 
584 
579 
575 
571 
567 
562 
558 
667 
608 
604 
599 
595 
592 
588 
584 
580 
576 
572 
569 
565 
561 
558 
554 
654 
601 
597 
593 
590 
586 
582 
579 
575 
571 
568 
564 
560 
557 
553 
550 
640 
593 
589 
585 
581 
577 
573 
570 
566 
562 
558 
554 
551 
547 
543 
539 
620 
577 
573 
569 
565 
561 
557 
553 
549 
545 
541 
537 
533 
529 
525 
521 
658 
587 
582 
578 
652 
577 
575 
573 
572 
570 
569 
567 
566 
565 
565 
564 
564 
564 
563 
563 
683 
620 
619 
617 
615 
611 
607 
602 
598 
593 
589 
584 
580 
575 
571 
567 
679 
618 
614 
609 
605 
601 
597 
593 
589 
585 
581 
577 
573 
569 
566 
562 
663 
610 
606 
602 
598 
594 
591 
587 
583 
579 
575 
572 
568 
564 
560 
557 
648 
601 
597 
593 
589 
585 
581 
577 
573 
569 
565 
561 
557 
553 
550 
546 
627 
584 
580 
576 
572 
567 
563 
559 
555 
551 
547 
543 
539 
535 
531 
526 
665 
593 
589 
584 
658 
583 
580 
578 
577 
575 
573 
572 
571 
570 
569 
568 
568 
567 
567 
567 
688 
626 
626 
625 
623 
620 
617 
612 
608 
603 
598 
594 
589 
584 
580 
575 
690 
629 
624 
620 
615 
611 
607 
602 
598 
594 
590 
586 
582 
578 
574 
570 
673 
619 
615 
611 
607 
603 
599 
595 
591 
587 
583 
579 
575 
572 
568 
564 
657 
609 
605 
601 
597 
593 
589 
584 
580 
576 
572 
568 
564 
560 
556 
552 
635 
591 
587 
583 
578 
574 
570 
566 
561 
557 
553 
549 
544 
540 
536 
532 
672 
600 
595 
590 
665 
588 
586 
584 
582 
580 
578 
576 
575 
574 
573 
572 
571 
571 
571 
570 
692 
630 
632 
632 
631 
629 
626 
622 
618 
613 
609 
604 
599 
594 
589 
584 
702 
640 
635 
630 
626 
621 
616 
612 
607 
603 
599 
594 
590 
586 
582 
578 
683 
629 
625 
621 
616 
612 
608 
604 
600 
596 
591 
587 
583 
579 
575 
571 
666 
618 
613 
609 
605 
601 
596 
592 
588 
584 
579 
575 
571 
567 
563 
559 
643 
599 
594 
590 
585 
581 
577 
572 
568 
563 
559 
555 
550 
546 
542 
538 
679 
607 
602 
597 
671 
594 
591 
589 
587 
585 
583 
581 
579 
578 
577 
576 
575 
575 
574 
574 
695 
633 
636 
638 
638 
637 
635 
632 
628 
623 
619 
614 
609 
604 
599 
594 
715 
652 
647 
642 
637 
632 
627 
622 
617 
613 
608 
604 
599 
595 
590 
586 
694 
639 
635 
630 
626 
621 
617 
613 
608 
604 
600 
596 
591 
587 
583 
579 
675 
626 
622 
617 
613 
609 
604 
600 
596 
591 
587 
583 
578 
574 
570 
565 
650 
606 
602 
597 
593 
588 
583 
579 
574 
570 
565 
561 
557 
552 
548 
543 
686 
613 
608 
603 
678 
599 
597 
594 
592 
590 
588 
586 
584 
582 
581 
580 
579 
578 
578 
577 
698 
636 
639 
642 
643 
644 
643 
641 
638 
633 
629 
624 
619 
614 
608 
603 
727 
664 
659 
653 
648 
643 
638 
632 
627 
623 
618 
613 
608 
604 
599 
595 
705 
649 
645 
640 
635 
631 
626 
622 
617 
613 
608 
604 
600 
595 
591 
587 
684 
635 
631 
626 
622 
617 
612 
608 
603 
599 
594 
590 
586 
581 
577 
572 
658 
614 
609 
605 
600 
595 
590 
586 
581 
577 
572 
567 
563 
558 
554 
549 
693 
620 
615 
610 
684 
605 
602 
599 
597 
595 
592 
590 
589 
587 
585 
584 
583 
582 
581 
581 
701 
638 
641 
645 
648 
649 
650 
649 
646 
643 
639 
634 
629 
624 
619 
613 
741 
677 
671 
665 
660 
654 
649 
643 
638 
633 
628 
623 
618 
613 
608 
604 
716 
660 
655 
650 
645 
641 
636 
631 
626 
622 
617 
613 
608 
604 
599 
595 
694 
645 
640 
635 
630 
625 
621 
616 
611 
607 
602 
598 
593 
588 
584 
579 
667 
622 
617 
612 
607 
602 
598 
593 
588 
583 
578 
574 
569 
564 
560 
555 
701 
627 
622 
617 
691 
611 
608 
605 
602 
600 
597 
595 
593 
591 
590 
588 
587 
586 
585 
584 
703 
640 
643 
647 
651 
653 
655 
655 
654 
652 
648 
644 
639 
634 
629 
623 
755 
690 
684 
678 
672 
666 
660 
655 
649 
644 
638 
633 
628 
623 
618 
613 
727 
671 
666 
661 
656 
651 
646 
641 
636 
631 
626 
621 
617 
612 
607 
603 
704 
654 
649 
644 
639 
634 
629 
625 
620 
615 
610 
605 
601 
596 
591 
587 
675 
630 
625 
620 
615 
610 
605 
600 
595 
590 
585 
580 
576 
571 
566 
561 
708 
635 
629 
624 
698 
616 
613 
610 
608 
605 
602 
600 
598 
596 
594 
592 
591 
589 
588 
587 
706 
641 
645 
649 
653 
656 
659 
660 
661 
659 
657 
654 
649 
644 
639 
634 
769 
703 
697 
691 
684 
678 
672 
666 
660 
655 
649 
644 
638 
633 
628 
622 
739 
683 
677 
672 
666 
661 
656 
651 
646 
641 
636 
631 
626 
621 
616 
611 
714 
664 
659 
653 
648 
643 
638 
633 
628 
623 
618 
613 
608 
604 
599 
594 
684 
638 
633 
628 
623 
617 
612 
607 
602 
597 
592 
587 
582 
577 
572 
567 
716 
642 
636 
631 
705 
622 
619 
616 
613 
610 
608 
605 
603 
600 
598 
596 
595 
593 
592 
591 
708 
643 
647 
651 
654 
658 
662 
664 
666 
666 
665 
662 
659 
654 
649 
644 
783 
717 
710 
704 
697 
691 
684 
678 
672 
666 
660 
654 
649 
643 
638 
632 
752 
694 
689 
683 
677 
672 
666 
661 
656 
650 
645 
640 
635 
630 
625 
620 
724 
674 
668 
663 
658 
652 
647 
642 
637 
632 
627 
621 
616 
611 
606 
601 
692 
647 
641 
636 
631 
625 
620 
615 
609 
604 
599 
594 
589 
584 
579 
574 
724 
649 
644 
638 
712 
628 
625 
622 
618 
616 
613 
610 
607 
605 
603 
601 
599 
597 
596 
594 
711 
645 
648 
652 
656 
660 
664 
667 
669 
671 
671 
670 
667 
664 
659 
654 
797 
731 
724 
718 
711 
704 
697 
691 
684 
678 
672 
666 
660 
654 
648 
642 
764 
707 
700 
695 
689 
683 
677 
672 
666 
660 
655 
650 
644 
639 
634 
629 
735 
684 
678 
673 
667 
662 
656 
651 
646 
640 
635 
630 
625 
619 
614 
609 
701 
655 
650 
644 
639 
633 
628 
622 
617 
611 
606 
601 
596 
590 
585 
580 
732 
657 
651 
645 
719 
634 
631 
627 
624 
621 
618 
615 
612 
610 
607 
605 
603 
601 
599 
598 
713 
646 
650 
653 
657 
661 
665 
669 
672 
674 
676 
676 
675 
672 
669 
664 
811 
745 
738 
731 
724 
717 
710 
704 
697 
690 
684 
677 
671 
665 
659 
653 
778 
719 
713 
707 
700 
694 
688 
682 
677 
671 
665 
660 
654 
649 
643 
638 
746 
695 
689 
683 
677 
672 
666 
660 
655 
649 
644 
638 
633 
628 
622 
617 
710 
664 
658 
653 
647 
641 
636 
630 
624 
619 
613 
608 
602 
597 
592 
586 
740 
665 
658 
652 
726 
640 
637 
633 
630 
626 
623 
620 
617 
615 
612 
610 
607 
605 
603 
602 
716 
648 
651 
655 
658 
662 
666 
670 
674 
677 
680 
681 
681 
680 
677 
673 
825 
759 
752 
745 
738 
731 
724 
717 
710 
703 
696 
689 
683 
676 
670 
664 
791 
732 
726 
719 
712 
706 
700 
694 
688 
682 
676 
670 
664 
658 
653 
647 
757 
705 
699 
693 
687 
682 
676 
670 
664 
658 
653 
647 
641 
636 
630 
625 
720 
673 
667 
661 
655 
650 
644 
638 
632 
626 
621 
615 
610 
604 
599 
593 
748 
673 
666 
660 
734 
647 
643 
639 
635 
632 
629 
625 
622 
619 
617 
614 
612 
609 
607 
605 
719 
650 
653 
656 
659 
663 
667 
671 
675 
679 
682 
684 
686 
686 
684 
682 
838 
772 
766 
759 
753 
745 
738 
731 
723 
716 
709 
702 
695 
688 
682 
675 
806 
746 
739 
732 
725 
718 
712 
705 
699 
693 
687 
681 
674 
669 
663 
657 
769 
717 
710 
704 
698 
692 
686 
680 
674 
668 
662 
656 
650 
645 
639 
633 
729 
682 
676 
670 
664 
658 
652 
646 
640 
634 
628 
623 
617 
611 
605 
600 
756 
681 
674 
667 
741 
653 
649 
645 
641 
637 
634 
631 
627 
624 
621 
619 
616 
613 
611 
609 
722 
652 
655 
657 
661 
664 
668 
672 
676 
680 
684 
687 
689 
690 
690 
689 
849 
784 
779 
773 
767 
759 
752 
745 
737 
730 
722 
715 
708 
700 
693 
687 
820 
760 
752 
745 
738 
731 
724 
717 
711 
704 
698 
691 
685 
679 
673 
667 
781 
728 
722 
715 
709 
702 
696 
690 
684 
677 
671 
665 
659 
653 
647 
642 
739 
692 
686 
679 
673 
667 
660 
654 
648 
642 
636 
630 
624 
618 
612 
607 
765 
689 
682 
675 
748 
659 
655 
651 
647 
643 
639 
636 
633 
629 
626 
623 
620 
618 
615 
613 
725 
654 
656 
659 
662 
665 
669 
672 
676 
681 
685 
688 
691 
694 
695 
695 
858 
795 
791 
786 
780 
774 
766 
759 
751 
743 
736 
728 
720 
713 
706 
699 
835 
774 
766 
759 
751 
744 
737 
730 
723 
716 
709 
703 
696 
690 
683 
677 
793 
740 
733 
726 
720 
713 
707 
700 
694 
687 
681 
675 
669 
662 
656 
650 
749 
702 
695 
688 
682 
676 
669 
663 
656 
650 
644 
638 
632 
626 
620 
614 
773 
697 
690 
683 
756 
666 
661 
657 
653 
649 
645 
641 
638 
634 
631 
628 
625 
622 
619 
617 
728 
656 
658 
661 
663 
666 
669 
673 
677 
681 
685 
689 
693 
696 
698 
699 
866 
804 
802 
798 
793 
787 
780 
773 
765 
757 
750 
742 
734 
726 
719 
711 
851 
789 
781 
773 
765 
758 
750 
743 
735 
728 
721 
714 
707 
701 
694 
688 
806 
752 
745 
738 
731 
724 
717 
711 
704 
697 
691 
684 
678 
672 
665 
659 
759 
712 
705 
698 
691 
685 
678 
671 
665 
658 
652 
646 
639 
633 
627 
621 
782 
706 
698 
691 
764 
672 
668 
663 
659 
655 
651 
647 
643 
639 
636 
633 
629 
626 
624 
621 
731 
658 
660 
662 
665 
667 
670 
674 
677 
681 
685 
690 
694 
697 
700 
703 
871 
811 
811 
809 
805 
800 
794 
787 
780 
772 
764 
756 
748 
740 
732 
724 
867 
805 
796 
788 
780 
772 
764 
756 
748 
741 
734 
726 
719 
712 
705 
698 
819 
765 
757 
750 
743 
736 
729 
722 
715 
708 
701 
694 
688 
681 
675 
668 
770 
722 
715 
708 
701 
694 
687 
680 
673 
667 
660 
654 
647 
641 
634 
628 
791 
714 
707 
699 
772 
679 
674 
670 
665 
661 
656 
652 
648 
645 
641 
637 
634 
631 
628 
625 
734 
661 
662 
664 
666 
668 
671 
674 
678 
682 
685 
690 
694 
698 
702 
705 
875 
816 
818 
818 
816 
812 
807 
801 
794 
786 
778 
770 
762 
753 
745 
737 
884 
821 
812 
803 
795 
786 
778 
770 
762 
754 
746 
739 
731 
724 
717 
710 
833 
778 
770 
762 
755 
747 
740 
733 
726 
719 
712 
705 
698 
691 
684 
677 
781 
732 
725 
718 
710 
703 
696 
689 
682 
675 
669 
662 
655 
648 
642 
635 
800 
723 
715 
708 
780 
686 
681 
676 
671 
667 
662 
658 
654 
650 
646 
642 
639 
635 
632 
629 
737 
663 
664 
666 
668 
670 
672 
675 
678 
682 
686 
690 
694 
698 
702 
706 
877 
819 
823 
825 
825 
823 
819 
814 
807 
800 
792 
784 
776 
767 
759 
751 
901 
837 
828 
819 
810 
801 
792 
784 
776 
767 
759 
751 
744 
736 
729 
721 
846 
791 
783 
775 
767 
760 
752 
744 
737 
730 
722 
715 
708 
701 
694 
687 
792 
743 
735 
728 
720 
713 
706 
698 
691 
684 
677 
670 
663 
656 
650 
643 
810 
732 
724 
716 
788 
693 
687 
682 
677 
673 
668 
664 
659 
655 
651 
647 
643 
640 
636 
633 
741 
665 
666 
668 
669 
671 
673 
676 
679 
682 
686 
689 
694 
698 
702 
706 
877 
820 
826 
830 
831 
831 
829 
825 
820 
814 
806 
798 
790 
782 
773 
765 
919 
855 
845 
835 
826 
817 
807 
799 
790 
781 
773 
765 
757 
749 
741 
733 
861 
805 
797 
788 
780 
772 
764 
756 
749 
741 
733 
726 
718 
711 
704 
697 
803 
754 
746 
738 
731 
723 
715 
708 
700 
693 
686 
679 
672 
664 
657 
651 
819 
741 
733 
725 
796 
700 
694 
689 
684 
679 
674 
669 
665 
660 
656 
652 
648 
644 
641 
637 
744 
668 
669 
670 
671 
672 
674 
677 
679 
682 
686 
689 
693 
697 
702 
706 
876 
819 
827 
832 
836 
838 
838 
836 
832 
826 
820 
813 
804 
796 
787 
779 
937 
872 
862 
852 
842 
833 
823 
814 
805 
796 
787 
778 
770 
762 
753 
745 
876 
819 
810 
802 
793 
785 
777 
768 
760 
752 
745 
737 
729 
722 
714 
707 
815 
765 
757 
749 
741 
733 
725 
718 
710 
702 
695 
687 
680 
673 
666 
658 
829 
750 
742 
733 
805 
707 
701 
696 
690 
685 
680 
675 
670 
666 
661 
657 
653 
649 
645 
642 
747 
670 
671 
672 
673 
674 
676 
678 
680 
683 
686 
689 
693 
697 
701 
705 
874 
818 
826 
833 
839 
843 
845 
844 
842 
838 
833 
826 
819 
810 
802 
793 
956 
890 
880 
869 
859 
849 
839 
829 
820 
811 
801 
792 
784 
775 
766 
758 
891 
834 
825 
816 
807 
798 
790 
781 
773 
764 
756 
748 
740 
732 
725 
717 
827 
777 
768 
760 
752 
743 
735 
727 
719 
712 
704 
696 
689 
681 
674 
666 
839 
760 
751 
742 
813 
714 
708 
702 
697 
691 
686 
681 
676 
671 
667 
662 
658 
654 
650 
646 
751 
673 
673 
674 
674 
675 
677 
679 
681 
683 
686 
689 
693 
696 
700 
705 
872 
816 
824 
833 
840 
845 
849 
851 
851 
848 
844 
839 
832 
824 
816 
808 
975 
908 
898 
887 
876 
866 
856 
846 
836 
826 
816 
807 
798 
789 
780 
771 
907 
849 
840 
830 
821 
812 
803 
794 
785 
777 
768 
760 
752 
743 
735 
727 
839 
788 
780 
771 
763 
754 
746 
737 
729 
721 
713 
705 
697 
690 
682 
674 
849 
769 
760 
751 
822 
721 
715 
709 
703 
698 
692 
687 
682 
677 
672 
667 
663 
659 
654 
650 
754 
676 
675 
676 
676 
677 
678 
680 
682 
684 
686 
689 
692 
696 
700 
704 
869 
813 
822 
831 
839 
846 
851 
855 
857 
857 
854 
850 
845 
838 
830 
822 
993 
927 
916 
905 
894 
884 
873 
862 
852 
842 
832 
822 
812 
803 
794 
785 
923 
865 
855 
845 
835 
826 
817 
807 
798 
789 
781 
772 
763 
755 
746 
738 
852 
801 
792 
783 
774 
765 
756 
748 
739 
731 
723 
715 
707 
699 
691 
683 
859 
779 
770 
761 
831 
729 
722 
716 
710 
704 
699 
693 
688 
683 
678 
673 
668 
663 
659 
655 
758 
678 
678 
678 
678 
679 
680 
681 
682 
684 
687 
689 
692 
695 
699 
703 
867 
810 
819 
828 
837 
845 
852 
857 
861 
863 
863 
860 
856 
850 
844 
836 
1012 
946 
935 
924 
913 
901 
890 
879 
869 
858 
848 
838 
827 
818 
808 
799 
940 
881 
871 
860 
850 
840 
831 
821 
812 
802 
793 
784 
775 
767 
758 
749 
865 
813 
804 
794 
785 
776 
767 
758 
750 
741 
733 
724 
716 
707 
699 
691 
869 
789 
780 
770 
840 
736 
730 
723 
717 
711 
705 
699 
694 
688 
683 
678 
673 
668 
664 
659 
762 
681 
680 
680 
680 
681 
681 
682 
683 
685 
687 
689 
692 
695 
698 
702 
864 
806 
816 
825 
834 
843 
851 
858 
863 
867 
869 
868 
866 
862 
856 
849 
1030 
964 
953 
942 
931 
920 
908 
897 
886 
875 
864 
854 
843 
833 
823 
813 
957 
898 
887 
876 
866 
855 
845 
835 
825 
816 
806 
797 
788 
779 
770 
761 
878 
826 
816 
807 
797 
788 
778 
769 
760 
751 
742 
734 
725 
717 
708 
700 
880 
799 
789 
780 
849 
744 
737 
730 
724 
718 
712 
706 
700 
694 
689 
683 
678 
673 
668 
664 
765 
684 
683 
682 
682 
682 
683 
683 
684 
686 
687 
690 
692 
695 
698 
701 
861 
803 
812 
821 
831 
840 
849 
857 
864 
869 
873 
875 
874 
872 
867 
862 
1048 
982 
972 
961 
950 
938 
927 
915 
904 
892 
881 
870 
859 
849 
838 
828 
975 
915 
904 
892 
882 
871 
860 
850 
840 
830 
820 
810 
800 
791 
782 
772 
891 
839 
829 
819 
809 
799 
790 
780 
771 
762 
753 
744 
735 
726 
717 
709 
891 
810 
799 
789 
858 
752 
745 
738 
731 
724 
718 
712 
706 
700 
694 
689 
683 
678 
673 
668 
769 
686 
685 
685 
684 
684 
684 
685 
686 
687 
688 
690 
692 
694 
697 
700 
858 
799 
808 
817 
827 
836 
846 
855 
863 
869 
875 
878 
880 
880 
877 
873 
1064 
999 
990 
979 
968 
957 
945 
934 
922 
910 
898 
887 
876 
865 
854 
843 
993 
933 
921 
909 
898 
887 
876 
865 
854 
844 
834 
824 
814 
804 
794 
785 
906 
853 
842 
832 
822 
811 
802 
792 
782 
773 
763 
754 
745 
736 
727 
718 
902 
820 
810 
799 
868 
760 
752 
745 
738 
731 
725 
718 
712 
706 
700 
694 
689 
683 
678 
673 
773 
689 
688 
687 
686 
686 
686 
686 
687 
687 
689 
690 
692 
694 
697 
700 
855 
796 
804 
813 
823 
832 
842 
851 
860 
868 
875 
880 
884 
885 
885 
882 
1078 
1015 
1007 
997 
987 
976 
964 
952 
940 
928 
916 
904 
893 
881 
870 
859 
1012 
951 
939 
927 
915 
903 
892 
881 
869 
859 
848 
837 
827 
817 
807 
797 
920 
866 
856 
845 
834 
824 
814 
803 
793 
784 
774 
764 
755 
745 
736 
727 
913 
831 
820 
810 
877 
768 
760 
753 
745 
738 
731 
725 
718 
712 
706 
700 
694 
688 
683 
677 
777 
692 
691 
689 
689 
688 
688 
688 
688 
688 
689 
690 
692 
694 
696 
699 
852 
792 
801 
809 
819 
828 
838 
847 
857 
866 
874 
880 
886 
889 
891 
890 
1090 
1029 
1022 
1014 
1004 
994 
983 
971 
959 
947 
935 
922 
910 
898 
887 
875 
1032 
970 
957 
945 
932 
920 
908 
897 
885 
874 
863 
852 
841 
830 
820 
810 
935 
881 
869 
858 
847 
837 
826 
815 
805 
795 
785 
775 
765 
755 
746 
736 
924 
842 
831 
820 
887 
776 
768 
760 
753 
745 
738 
731 
725 
718 
712 
705 
699 
693 
688 
682 
781 
695 
693 
692 
691 
690 
689 
689 
689 
689 
690 
691 
692 
694 
696 
698 
850 
789 
797 
805 
814 
824 
833 
843 
853 
862 
871 
879 
886 
891 
894 
896 
1100 
1041 
1036 
1030 
1021 
1012 
1001 
990 
978 
965 
953 
941 
928 
916 
904 
892 
1052 
990 
976 
963 
950 
938 
925 
913 
901 
889 
878 
866 
855 
844 
833 
823 
950 
895 
884 
872 
861 
850 
839 
828 
817 
806 
796 
786 
776 
765 
756 
746 
936 
853 
842 
830 
897 
784 
776 
768 
760 
753 
745 
738 
731 
724 
717 
711 
705 
699 
693 
687 
785 
698 
696 
694 
693 
692 
691 
691 
690 
690 
691 
691 
692 
694 
696 
698 
847 
785 
793 
801 
810 
819 
829 
838 
848 
858 
867 
876 
884 
891 
896 
899 
1107 
1050 
1048 
1044 
1037 
1028 
1019 
1008 
996 
984 
972 
959 
947 
934 
921 
909 
1073 
1010 
996 
982 
969 
956 
943 
930 
918 
906 
893 
882 
870 
859 
847 
836 
966 
910 
898 
886 
875 
863 
852 
840 
829 
818 
807 
797 
786 
776 
766 
756 
948 
865 
853 
841 
907 
793 
784 
776 
768 
760 
752 
745 
737 
730 
723 
717 
710 
704 
698 
692 
789 
701 
699 
697 
695 
694 
693 
692 
692 
691 
692 
692 
693 
694 
695 
697 
845 
782 
790 
797 
806 
815 
824 
833 
843 
853 
863 
872 
881 
889 
896 
901 
1111 
1057 
1057 
1055 
1051 
1044 
1035 
1026 
1015 
1003 
990 
978 
965 
952 
939 
927 
1095 
1031 
1016 
1002 
988 
974 
961 
948 
935 
922 
910 
897 
885 
873 
862 
850 
982 
926 
913 
901 
889 
877 
865 
853 
842 
830 
819 
808 
797 
787 
776 
766 
960 
876 
864 
852 
918 
801 
792 
784 
775 
767 
759 
752 
744 
737 
729 
722 
716 
709 
703 
696 
793 
704 
701 
699 
697 
696 
695 
694 
693 
692 
692 
693 
693 
694 
695 
697 
843 
779 
786 
794 
802 
810 
819 
828 
838 
848 
858 
867 
877 
886 
894 
900 
1113 
1060 
1064 
1064 
1062 
1058 
1051 
1042 
1032 
1021 
1009 
997 
984 
971 
958 
945 
1117 
1052 
1037 
1022 
1008 
994 
980 
966 
952 
939 
926 
913 
901 
889 
876 
864 
998 
942 
929 
916 
903 
891 
879 
866 
855 
843 
831 
820 
809 
798 
787 
776 
973 
888 
876 
863 
928 
810 
801 
792 
783 
775 
767 
758 
751 
743 
735 
728 
721 
714 
708 
701 
797 
707 
704 
702 
700 
698 
696 
695 
694 
694 
693 
693 
693 
694 
695 
696 
840 
776 
783 
790 
798 
806 
814 
823 
833 
842 
852 
862 
872 
881 
890 
898 
1112 
1061 
1067 
1071 
1071 
1069 
1064 
1057 
1049 
1039 
1027 
1015 
1003 
990 
976 
963 
1139 
1074 
1058 
1043 
1028 
1013 
999 
985 
971 
957 
943 
930 
917 
904 
892 
879 
1015 
959 
945 
932 
918 
905 
893 
880 
868 
856 
844 
832 
820 
809 
797 
786 
985 
900 
887 
874 
939 
819 
809 
800 
791 
782 
774 
765 
757 
749 
742 
734 
727 
720 
713 
706 
801 
710 
707 
704 
702 
700 
698 
697 
696 
695 
694 
694 
694 
694 
695 
696 
838 
773 
779 
786 
794 
801 
810 
818 
827 
837 
847 
857 
867 
876 
886 
895 
1108 
1060 
1068 
1074 
1077 
1078 
1076 
1071 
1064 
1055 
1045 
1033 
1021 
1008 
995 
982 
1162 
1096 
1080 
1065 
1049 
1034 
1019 
1004 
989 
975 
961 
947 
934 
920 
907 
894 
1033 
975 
961 
947 
934 
920 
907 
894 
881 
869 
856 
844 
832 
820 
808 
797 
998 
913 
899 
886 
950 
828 
818 
809 
799 
790 
781 
773 
764 
756 
748 
740 
732 
725 
718 
711 
805 
713 
710 
707 
704 
702 
700 
698 
697 
696 
695 
694 
694 
694 
695 
695 
836 
770 
776 
783 
790 
797 
805 
813 
822 
831 
841 
851 
861 
871 
881 
890 
1103 
1056 
1067 
1075 
1081 
1084 
1084 
1082 
1077 
1070 
1061 
1051 
1039 
1027 
1014 
1000 
1185 
1119 
1103 
1087 
1071 
1055 
1039 
1024 
1009 
994 
979 
965 
951 
937 
923 
910 
1051 
993 
978 
964 
950 
936 
922 
908 
895 
882 
869 
857 
844 
832 
820 
808 
1012 
925 
911 
898 
961 
837 
827 
817 
807 
798 
789 
780 
771 
762 
754 
746 
738 
731 
723 
716 
809 
716 
713 
710 
707 
704 
702 
700 
698 
697 
696 
695 
695 
695 
695 
695 
834 
768 
773 
779 
786 
793 
801 
809 
817 
826 
835 
845 
855 
865 
875 
885 
1096 
1051 
1063 
1073 
1082 
1087 
1090 
1091 
1088 
1083 
1076 
1067 
1057 
1045 
1032 
1019 
1208 
1142 
1125 
1109 
1093 
1076 
1060 
1044 
1029 
1013 
998 
983 
969 
954 
940 
926 
1070 
1011 
996 
981 
966 
951 
937 
923 
909 
896 
883 
869 
857 
844 
831 
819 
1025 
938 
924 
910 
972 
846 
836 
826 
816 
806 
796 
787 
778 
769 
760 
752 
744 
736 
728 
721 
813 
719 
715 
712 
709 
706 
704 
702 
700 
698 
697 
696 
695 
695 
695 
695 
832 
765 
770 
776 
782 
789 
796 
804 
812 
821 
830 
839 
849 
859 
869 
879 
1089 
1044 
1057 
1069 
1080 
1088 
1094 
1097 
1097 
1094 
1089 
1082 
1073 
1062 
1050 
1038 
1231 
1165 
1148 
1132 
1115 
1098 
1082 
1065 
1049 
1033 
1017 
1002 
987 
972 
957 
943 
1089 
1030 
1014 
998 
983 
968 
953 
938 
924 
910 
896 
883 
869 
856 
843 
830 
1039 
951 
937 
922 
984 
856 
845 
834 
824 
814 
804 
794 
785 
776 
767 
758 
750 
742 
734 
726 
817 
722 
718 
715 
711 
708 
706 
703 
701 
699 
698 
697 
696 
695 
695 
695 
830 
762 
767 
773 
779 
785 
792 
799 
807 
815 
824 
833 
842 
852 
862 
873 
1080 
1035 
1050 
1063 
1075 
1086 
1094 
1100 
1102 
1103 
1100 
1095 
1087 
1078 
1067 
1055 
1254 
1188 
1171 
1155 
1138 
1121 
1104 
1087 
1070 
1054 
1037 
1021 
1006 
990 
975 
960 
1109 
1049 
1032 
1016 
1000 
984 
969 
954 
939 
925 
910 
896 
882 
869 
855 
842 
1053 
965 
949 
934 
995 
866 
854 
843 
833 
822 
812 
802 
792 
783 
773 
764 
756 
747 
739 
731 
821 
725 
721 
717 
714 
711 
708 
705 
703 
701 
699 
697 
696 
695 
695 
694 
828 
760 
764 
770 
775 
781 
788 
795 
802 
810 
818 
827 
836 
846 
856 
866 
1071 
1026 
1041 
1056 
1069 
1081 
1092 
1100 
1105 
1108 
1108 
1106 
1100 
1093 
1083 
1073 
1276 
1211 
1194 
1178 
1161 
1143 
1126 
1109 
1092 
1075 
1058 
1041 
1025 
1009 
993 
977 
1129 
1068 
1051 
1034 
1018 
1002 
986 
970 
955 
939 
925 
910 
896 
882 
868 
854 
1067 
979 
963 
947 
1007 
876 
864 
852 
841 
830 
820 
809 
799 
789 
780 
771 
761 
753 
744 
736 
826 
728 
724 
720 
716 
713 
710 
707 
704 
702 
700 
698 
697 
696 
695 
694 
827 
757 
762 
766 
772 
777 
784 
790 
797 
805 
813 
821 
830 
839 
849 
859 
1061 
1017 
1032 
1047 
1062 
1075 
1087 
1097 
1105 
1111 
1114 
1114 
1111 
1106 
1098 
1088 
1298 
1233 
1217 
1201 
1184 
1166 
1149 
1131 
1113 
1096 
1079 
1062 
1045 
1028 
1012 
996 
1150 
1089 
1071 
1053 
1036 
1019 
1003 
986 
970 
955 
939 
924 
909 
895 
880 
866 
1082 
993 
976 
960 
1019 
886 
873 
862 
850 
839 
828 
817 
806 
796 
786 
777 
767 
758 
750 
741 
830 
731 
727 
723 
719 
715 
711 
708 
706 
703 
701 
699 
697 
696 
695 
694 
825 
755 
759 
763 
768 
774 
780 
786 
793 
800 
807 
815 
824 
833 
842 
852 
1052 
1007 
1022 
1038 
1053 
1067 
1081 
1093 
1103 
1111 
1116 
1119 
1119 
1116 
1110 
1103 
1317 
1253 
1239 
1223 
1206 
1189 
1172 
1154 
1136 
1118 
1100 
1082 
1065 
1048 
1031 
1014 
1172 
1109 
1091 
1073 
1055 
1038 
1020 
1003 
987 
971 
955 
939 
923 
908 
893 
879 
1097 
1007 
990 
973 
1032 
896 
883 
871 
859 
847 
836 
825 
814 
803 
793 
783 
773 
764 
755 
746 
834 
734 
730 
725 
721 
717 
713 
710 
707 
704 
702 
700 
698 
696 
695 
694 
823 
752 
756 
760 
765 
770 
776 
782 
788 
795 
802 
810 
818 
827 
836 
845 
1042 
997 
1012 
1028 
1043 
1058 
1073 
1086 
1098 
1108 
1116 
1121 
1124 
1124 
1121 
1115 
1335 
1273 
1260 
1245 
1229 
1212 
1194 
1176 
1158 
1140 
1122 
1104 
1086 
1068 
1051 
1033 
1194 
1131 
1112 
1093 
1074 
1056 
1038 
1021 
1004 
987 
970 
954 
938 
922 
907 
892 
1112 
1021 
1004 
986 
1044 
906 
893 
880 
868 
856 
844 
832 
821 
810 
800 
789 
779 
770 
760 
751 
838 
738 
732 
728 
723 
719 
715 
712 
708 
705 
703 
700 
698 
696 
695 
694 
822 
750 
753 
757 
762 
767 
772 
777 
783 
790 
797 
804 
812 
820 
829 
838 
1032 
986 
1002 
1017 
1033 
1049 
1064 
1078 
1091 
1103 
1113 
1121 
1126 
1129 
1128 
1125 
1350 
1290 
1279 
1265 
1250 
1234 
1217 
1199 
1181 
1163 
1144 
1126 
1107 
1089 
1071 
1053 
1217 
1153 
1133 
1114 
1094 
1075 
1057 
1039 
1021 
1003 
986 
969 
953 
936 
920 
905 
1128 
1036 
1018 
1000 
1057 
917 
903 
890 
877 
864 
852 
840 
829 
817 
806 
796 
785 
775 
766 
756 
842 
741 
735 
730 
726 
721 
717 
713 
710 
706 
704 
701 
699 
697 
695 
694 
820 
748 
751 
754 
759 
763 
768 
773 
779 
785 
792 
799 
806 
814 
823 
832 
1022 
976 
991 
1007 
1022 
1038 
1054 
1069 
1083 
1096 
1108 
1118 
1126 
1131 
1133 
1133 
1362 
1305 
1296 
1284 
1271 
1256 
1239 
1222 
1204 
1185 
1167 
1148 
1129 
1110 
1092 
1073 
1240 
1176 
1155 
1135 
1115 
1095 
1076 
1057 
1039 
1020 
1002 
985 
968 
951 
934 
918 
1144 
1052 
1033 
1014 
1070 
927 
913 
900 
886 
873 
860 
848 
836 
824 
813 
802 
791 
781 
771 
761 
846 
744 
738 
733 
728 
723 
719 
715 
711 
708 
704 
702 
699 
697 
695 
693 
818 
745 
748 
752 
755 
760 
764 
769 
775 
780 
787 
793 
801 
808 
816 
825 
1013 
966 
981 
996 
1011 
1027 
1043 
1058 
1073 
1088 
1101 
1113 
1123 
1130 
1135 
1137 
1371 
1317 
1311 
1301 
1290 
1276 
1261 
1244 
1226 
1208 
1189 
1170 
1151 
1132 
1113 
1094 
1265 
1199 
1178 
1157 
1136 
1116 
1096 
1076 
1057 
1038 
1019 
1001 
983 
966 
949 
932 
1160 
1067 
1047 
1028 
1083 
938 
924 
909 
896 
882 
869 
856 
844 
832 
820 
808 
797 
787 
776 
766 
851 
747 
741 
735 
730 
725 
721 
716 
712 
709 
705 
702 
700 
697 
695 
693 
816 
743 
746 
749 
752 
756 
760 
765 
770 
776 
782 
788 
795 
802 
810 
818 
1003 
956 
970 
985 
1000 
1016 
1032 
1047 
1063 
1078 
1092 
1105 
1117 
1127 
1134 
1139 
1377 
1326 
1322 
1316 
1307 
1295 
1281 
1265 
1248 
1230 
1212 
1192 
1173 
1154 
1134 
1115 
1289 
1223 
1201 
1179 
1158 
1137 
1116 
1096 
1076 
1056 
1037 
1018 
999 
981 
963 
946 
1177 
1083 
1063 
1043 
1097 
949 
934 
919 
905 
891 
877 
864 
851 
839 
827 
815 
803 
792 
782 
771 
855 
750 
744 
738 
732 
727 
722 
718 
714 
710 
706 
703 
700 
697 
695 
693 
815 
741 
743 
746 
749 
753 
757 
761 
766 
771 
777 
783 
789 
796 
804 
812 
994 
946 
960 
974 
989 
1005 
1020 
1036 
1052 
1067 
1082 
1097 
1110 
1121 
1131 
1138 
1379 
1331 
1331 
1328 
1321 
1311 
1299 
1285 
1269 
1252 
1234 
1215 
1195 
1176 
1156 
1136 
1314 
1247 
1224 
1202 
1180 
1158 
1137 
1115 
1095 
1074 
1054 
1035 
1016 
997 
978 
960 
1194 
1099 
1078 
1057 
1111 
961 
945 
930 
915 
900 
886 
872 
859 
846 
833 
821 
810 
798 
787 
776 
859 
753 
746 
740 
735 
729 
724 
719 
715 
711 
707 
703 
700 
697 
695 
693 
813 
738 
741 
743 
746 
749 
753 
757 
762 
767 
772 
778 
784 
791 
798 
805 
984 
936 
949 
963 
978 
993 
1009 
1024 
1040 
1056 
1071 
1086 
1101 
1114 
1125 
1135 
1377 
1333 
1336 
1336 
1332 
1325 
1316 
1303 
1289 
1273 
1255 
1237 
1218 
1198 
1178 
1158 
1340 
1272 
1249 
1225 
1203 
1180 
1158 
1136 
1114 
1093 
1073 
1052 
1032 
1013 
993 
975 
1211 
1116 
1094 
1072 
1125 
972 
956 
940 
924 
909 
895 
880 
867 
853 
840 
828 
816 
804 
792 
781 
863 
756 
749 
743 
737 
731 
726 
721 
716 
712 
708 
704 
701 
698 
695 
692 
811 
736 
738 
740 
743 
746 
750 
753 
758 
762 
767 
773 
779 
785 
792 
799 
975 
926 
939 
953 
967 
982 
997 
1012 
1028 
1044 
1060 
1075 
1090 
1104 
1117 
1129 
1372 
1331 
1337 
1341 
1340 
1337 
1329 
1320 
1307 
1292 
1276 
1258 
1239 
1220 
1200 
1180 
1365 
1297 
1273 
1249 
1226 
1203 
1180 
1157 
1135 
1113 
1091 
1070 
1049 
1029 
1009 
990 
1229 
1133 
1110 
1088 
1139 
984 
967 
950 
934 
918 
903 
889 
874 
861 
847 
834 
822 
809 
798 
786 
867 
759 
752 
745 
739 
733 
727 
722 
717 
713 
708 
704 
701 
698 
695 
692 
810 
734 
735 
738 
740 
743 
746 
750 
754 
758 
763 
768 
773 
779 
786 
792 
966 
916 
929 
942 
956 
970 
985 
1000 
1016 
1032 
1047 
1063 
1079 
1094 
1108 
1121 
1365 
1326 
1335 
1342 
1345 
1344 
1340 
1333 
1323 
1310 
1295 
1279 
1261 
1242 
1222 
1201 
1391 
1323 
1298 
1274 
1250 
1226 
1202 
1178 
1155 
1133 
1110 
1089 
1067 
1046 
1025 
1005 
1247 
1150 
1126 
1103 
1153 
995 
978 
961 
944 
928 
912 
897 
882 
868 
854 
841 
828 
815 
803 
791 
871 
762 
754 
747 
741 
735 
729 
723 
718 
714 
709 
705 
701 
698 
694 
692 
808 
731 
733 
735 
737 
740 
742 
746 
749 
754 
758 
763 
768 
774 
780 
786 
957 
907 
919 
932 
945 
959 
974 
988 
1004 
1019 
1035 
1051 
1067 
1082 
1097 
1111 
1354 
1318 
1330 
1340 
1346 
1349 
1348 
1344 
1336 
1326 
1313 
1298 
1281 
1262 
1243 
1223 
1417 
1348 
1323 
1299 
1274 
1249 
1225 
1200 
1177 
1153 
1130 
1107 
1085 
1063 
1042 
1021 
1265 
1167 
1143 
1119 
1168 
1007 
989 
971 
954 
937 
921 
905 
890 
875 
861 
847 
834 
821 
808 
796 
875 
764 
757 
750 
743 
736 
730 
725 
719 
714 
710 
705 
701 
698 
694 
691 
806 
729 
730 
732 
734 
736 
739 
742 
745 
749 
753 
758 
763 
768 
774 
780 
948 
897 
909 
922 
935 
948 
962 
976 
991 
1007 
1022 
1038 
1054 
1070 
1085 
1100 
1342 
1307 
1322 
1334 
1343 
1349 
1352 
1351 
1347 
1339 
1328 
1315 
1300 
1282 
1264 
1244 
1443 
1374 
1349 
1323 
1298 
1273 
1248 
1223 
1198 
1174 
1150 
1127 
1103 
1081 
1058 
1037 
1284 
1185 
1160 
1135 
1183 
1019 
1000 
982 
964 
947 
930 
914 
898 
882 
868 
853 
840 
826 
813 
801 
879 
767 
759 
752 
745 
738 
732 
726 
720 
715 
710 
706 
701 
697 
694 
691 
804 
727 
728 
729 
731 
733 
735 
738 
741 
745 
749 
753 
758 
763 
768 
774 
940 
888 
900 
912 
924 
937 
951 
965 
979 
994 
1009 
1025 
1041 
1057 
1072 
1088 
1328 
1294 
1311 
1325 
1338 
1347 
1353 
1355 
1354 
1349 
1341 
1330 
1317 
1301 
1283 
1265 
1468 
1399 
1374 
1349 
1323 
1297 
1271 
1246 
1220 
1195 
1171 
1146 
1122 
1099 
1076 
1053 
1303 
1203 
1177 
1151 
1198 
1032 
1012 
993 
974 
956 
939 
922 
906 
890 
874 
860 
845 
832 
818 
806 
882 
770 
762 
754 
747 
740 
733 
727 
721 
716 
711 
706 
701 
697 
694 
690 
802 
724 
725 
726 
728 
730 
732 
735 
737 
741 
744 
748 
753 
757 
763 
768 
931 
879 
890 
902 
914 
926 
939 
953 
967 
982 
997 
1012 
1027 
1043 
1059 
1075 
1312 
1280 
1298 
1314 
1329 
1341 
1350 
1355 
1357 
1356 
1351 
1343 
1332 
1318 
1302 
1284 
1492 
1424 
1399 
1373 
1347 
1321 
1295 
1269 
1243 
1217 
1191 
1166 
1141 
1117 
1093 
1070 
1323 
1222 
1194 
1168 
1213 
1044 
1024 
1004 
984 
966 
948 
930 
913 
897 
881 
866 
851 
837 
823 
810 
886 
772 
764 
756 
748 
741 
734 
728 
722 
716 
711 
706 
701 
697 
693 
690 
801 
722 
723 
724 
725 
726 
728 
731 
733 
736 
740 
744 
748 
752 
757 
762 
923 
870 
881 
892 
903 
916 
928 
941 
955 
969 
984 
999 
1014 
1030 
1045 
1061 
1296 
1264 
1283 
1301 
1317 
1332 
1343 
1352 
1357 
1359 
1357 
1352 
1344 
1332 
1318 
1302 
1515 
1447 
1423 
1398 
1372 
1346 
1319 
1292 
1265 
1239 
1213 
1187 
1161 
1136 
1111 
1087 
1342 
1240 
1212 
1184 
1228 
1056 
1035 
1015 
995 
975 
957 
939 
921 
904 
888 
872 
857 
842 
828 
815 
890 
775 
766 
758 
750 
743 
736 
729 
723 
717 
711 
706 
701 
697 
693 
689 
799 
720 
720 
721 
722 
723 
725 
727 
729 
732 
735 
739 
743 
747 
752 
756 
914 
861 
872 
882 
893 
905 
917 
930 
943 
957 
971 
986 
1001 
1016 
1032 
1047 
1279 
1247 
1267 
1286 
1304 
1320 
1334 
1345 
1354 
1359 
1360 
1358 
1353 
1344 
1332 
1318 
1536 
1470 
1447 
1422 
1396 
1370 
1343 
1316 
1288 
1261 
1234 
1207 
1181 
1155 
1129 
1104 
1363 
1259 
1230 
1201 
1244 
1069 
1047 
1026 
1005 
985 
966 
947 
929 
911 
894 
878 
863 
848 
833 
819 
893 
777 
768 
760 
752 
744 
737 
730 
723 
717 
711 
706 
701 
696 
692 
688 
797 
717 
717 
718 
719 
720 
721 
723 
726 
728 
731 
734 
738 
742 
746 
751 
906 
853 
862 
873 
883 
895 
906 
919 
931 
945 
958 
973 
987 
1002 
1018 
1033 
1261 
1229 
1250 
1270 
1288 
1306 
1322 
1336 
1347 
1355 
1360 
1361 
1359 
1353 
1344 
1332 
1555 
1491 
1469 
1445 
1420 
1393 
1366 
1339 
1311 
1283 
1256 
1228 
1201 
1174 
1148 
1121 
1383 
1279 
1248 
1219 
1260 
1082 
1059 
1037 
1015 
995 
974 
955 
936 
918 
901 
884 
868 
853 
838 
823 
896 
780 
770 
761 
753 
745 
738 
730 
724 
717 
712 
706 
701 
696 
691 
687 
794 
715 
715 
715 
716 
717 
718 
720 
722 
724 
727 
730 
733 
737 
741 
745 
898 
844 
854 
863 
874 
885 
896 
908 
920 
933 
946 
960 
974 
989 
1004 
1019 
1243 
1211 
1232 
1252 
1272 
1290 
1308 
1323 
1337 
1348 
1356 
1360 
1361 
1358 
1352 
1343 
1571 
1509 
1489 
1466 
1442 
1416 
1389 
1362 
1334 
1306 
1278 
1249 
1221 
1194 
1166 
1139 
1403 
1298 
1267 
1236 
1276 
1095 
1071 
1048 
1026 
1004 
983 
963 
944 
925 
907 
890 
873 
858 
842 
827 
899 
782 
772 
763 
754 
746 
738 
731 
724 
718 
711 
706 
700 
695 
691 
686 
792 
712 
712 
712 
712 
713 
714 
716 
718 
720 
722 
725 
728 
731 
735 
739 
890 
836 
845 
854 
864 
875 
885 
897 
909 
921 
934 
947 
961 
975 
990 
1005 
1224 
1193 
1213 
1234 
1254 
1273 
1292 
1309 
1324 
1337 
1348 
1355 
1360 
1360 
1357 
1351 
1584 
1525 
1507 
1486 
1463 
1438 
1412 
1385 
1357 
1328 
1299 
1270 
1242 
1213 
1185 
1157 
1424 
1318 
1285 
1253 
1292 
1107 
1083 
1059 
1036 
1014 
992 
971 
951 
932 
914 
896 
879 
862 
846 
831 
902 
784 
774 
764 
755 
747 
739 
731 
724 
718 
711 
705 
700 
695 
690 
685 
790 
709 
709 
709 
709 
710 
711 
712 
714 
716 
718 
720 
723 
726 
730 
734 
882 
827 
836 
845 
855 
865 
875 
886 
897 
909 
922 
934 
948 
962 
976 
990 
1206 
1174 
1195 
1215 
1235 
1255 
1274 
1293 
1309 
1325 
1337 
1348 
1355 
1359 
1359 
1356 
1593 
1537 
1522 
1503 
1482 
1458 
1433 
1406 
1378 
1350 
1321 
1291 
1262 
1233 
1204 
1175 
1445 
1337 
1304 
1271 
1308 
1120 
1095 
1070 
1046 
1023 
1001 
979 
959 
939 
920 
901 
884 
867 
851 
835 
905 
785 
775 
766 
756 
748 
740 
732 
724 
718 
711 
705 
699 
694 
689 
684 
788 
707 
706 
706 
706 
707 
707 
708 
710 
711 
713 
716 
718 
721 
725 
728 
874 
819 
827 
836 
845 
855 
865 
875 
886 
898 
910 
922 
935 
948 
962 
976 
1188 
1156 
1176 
1196 
1216 
1236 
1256 
1275 
1293 
1309 
1324 
1337 
1347 
1353 
1357 
1357 
1598 
1545 
1533 
1518 
1499 
1477 
1453 
1427 
1399 
1371 
1342 
1312 
1282 
1252 
1223 
1193 
1466 
1357 
1322 
1288 
1324 
1133 
1106 
1081 
1056 
1032 
1009 
987 
966 
945 
925 
907 
888 
871 
854 
839 
908 
787 
777 
767 
757 
748 
740 
732 
724 
717 
711 
704 
699 
693 
688 
683 
785 
704 
703 
703 
703 
703 
704 
704 
706 
707 
709 
711 
714 
716 
719 
723 
867 
811 
819 
827 
836 
845 
855 
865 
876 
886 
898 
910 
922 
935 
948 
962 
1170 
1137 
1157 
1176 
1196 
1217 
1236 
1256 
1275 
1292 
1309 
1323 
1335 
1345 
1351 
1354 
1599 
1550 
1541 
1529 
1512 
1493 
1470 
1446 
1419 
1391 
1362 
1333 
1302 
1272 
1241 
1211 
1487 
1377 
1341 
1305 
1339 
1145 
1118 
1092 
1066 
1041 
1017 
994 
972 
951 
931 
912 
893 
875 
858 
842 
910 
788 
778 
768 
758 
749 
740 
732 
724 
717 
710 
704 
698 
692 
687 
682 
783 
701 
700 
700 
700 
700 
700 
701 
702 
703 
705 
706 
709 
711 
714 
717 
859 
803 
811 
819 
827 
836 
845 
855 
865 
875 
886 
898 
910 
922 
935 
948 
1152 
1118 
1138 
1157 
1177 
1197 
1216 
1236 
1255 
1274 
1291 
1307 
1321 
1333 
1342 
1348 
1595 
1550 
1545 
1536 
1523 
1506 
1486 
1463 
1437 
1410 
1382 
1352 
1322 
1291 
1260 
1229 
1507 
1396 
1359 
1322 
1355 
1158 
1130 
1102 
1076 
1050 
1025 
1002 
979 
957 
936 
916 
897 
879 
862 
845 
912 
790 
779 
768 
758 
749 
740 
732 
724 
716 
709 
703 
697 
691 
685 
680 
780 
698 
697 
697 
696 
696 
696 
697 
698 
699 
700 
702 
704 
706 
709 
712 
851 
795 
802 
810 
818 
827 
835 
845 
854 
864 
875 
886 
897 
909 
922 
934 
1134 
1100 
1119 
1138 
1157 
1176 
1196 
1216 
1235 
1254 
1272 
1289 
1305 
1319 
1330 
1339 
1587 
1546 
1545 
1539 
1529 
1515 
1498 
1477 
1454 
1428 
1400 
1371 
1340 
1309 
1278 
1246 
1527 
1415 
1377 
1339 
1370 
1170 
1141 
1112 
1085 
1058 
1033 
1009 
985 
963 
941 
921 
901 
882 
865 
847 
914 
791 
779 
769 
759 
749 
740 
731 
723 
716 
709 
702 
696 
690 
684 
679 
778 
696 
694 
693 
693 
693 
693 
693 
694 
695 
696 
697 
699 
701 
704 
706 
844 
787 
794 
802 
809 
817 
826 
835 
844 
854 
864 
874 
885 
897 
909 
921 
1116 
1082 
1100 
1118 
1137 
1156 
1176 
1195 
1215 
1234 
1252 
1270 
1287 
1302 
1315 
1326 
1575 
1537 
1540 
1538 
1532 
1521 
1507 
1489 
1467 
1443 
1416 
1388 
1358 
1327 
1295 
1263 
1547 
1434 
1394 
1356 
1385 
1182 
1152 
1122 
1094 
1067 
1040 
1015 
991 
968 
946 
925 
905 
886 
867 
850 
915 
791 
780 
769 
759 
749 
740 
731 
723 
715 
708 
701 
694 
688 
683 
677 
775 
693 
691 
690 
689 
689 
689 
689 
689 
690 
691 
693 
694 
696 
698 
701 
836 
779 
786 
793 
800 
808 
816 
825 
834 
843 
853 
863 
873 
884 
896 
907 
1099 
1064 
1081 
1099 
1117 
1136 
1155 
1174 
1193 
1213 
1231 
1250 
1267 
1283 
1298 
1311 
1559 
1525 
1531 
1532 
1530 
1523 
1512 
1496 
1478 
1455 
1430 
1403 
1373 
1343 
1311 
1279 
1565 
1452 
1411 
1372 
1400 
1193 
1162 
1132 
1102 
1074 
1047 
1021 
997 
973 
950 
929 
908 
888 
870 
852 
916 
792 
780 
769 
758 
748 
739 
730 
722 
714 
706 
699 
693 
687 
681 
676 
772 
689 
688 
687 
686 
685 
685 
685 
685 
686 
687 
688 
690 
691 
693 
696 
829 
772 
778 
785 
792 
799 
807 
815 
824 
832 
842 
851 
861 
872 
883 
894 
1082 
1046 
1063 
1080 
1098 
1116 
1135 
1153 
1172 
1191 
1210 
1228 
1246 
1263 
1279 
1293 
1541 
1508 
1517 
1523 
1524 
1520 
1513 
1501 
1484 
1465 
1442 
1416 
1387 
1357 
1326 
1294 
1583 
1468 
1427 
1387 
1413 
1204 
1172 
1141 
1110 
1081 
1054 
1027 
1001 
977 
954 
932 
911 
891 
872 
853 
917 
792 
780 
769 
758 
748 
738 
729 
721 
713 
705 
698 
691 
685 
679 
674 
769 
686 
685 
683 
682 
682 
681 
681 
681 
682 
682 
683 
685 
686 
688 
690 
822 
764 
770 
777 
783 
790 
798 
806 
814 
822 
831 
840 
850 
860 
870 
881 
1065 
1029 
1045 
1062 
1079 
1096 
1114 
1132 
1151 
1169 
1188 
1206 
1224 
1242 
1258 
1273 
1519 
1489 
1501 
1509 
1513 
1513 
1509 
1500 
1487 
1470 
1450 
1426 
1399 
1370 
1339 
1307 
1599 
1484 
1442 
1401 
1426 
1214 
1181 
1149 
1118 
1088 
1059 
1032 
1006 
981 
957 
934 
913 
893 
873 
855 
917 
792 
780 
768 
757 
747 
737 
728 
719 
711 
704 
696 
690 
683 
677 
672 
766 
683 
681 
680 
679 
678 
677 
677 
677 
677 
678 
679 
680 
681 
683 
685 
814 
757 
762 
768 
775 
782 
789 
796 
804 
812 
820 
829 
838 
848 
858 
868 
1049 
1012 
1027 
1043 
1060 
1076 
1094 
1111 
1129 
1147 
1166 
1184 
1202 
1219 
1236 
1252 
1495 
1467 
1480 
1491 
1498 
1502 
1501 
1496 
1486 
1472 
1454 
1433 
1408 
1380 
1350 
1319 
1613 
1498 
1456 
1413 
1438 
1223 
1189 
1156 
1124 
1094 
1064 
1036 
1009 
984 
960 
937 
915 
894 
874 
855 
917 
791 
779 
767 
756 
746 
736 
727 
718 
710 
702 
695 
688 
681 
675 
670 
763 
680 
678 
676 
675 
674 
673 
673 
673 
673 
673 
674 
675 
676 
678 
680 
807 
749 
755 
760 
767 
773 
780 
787 
794 
802 
810 
818 
827 
836 
846 
856 
1032 
995 
1010 
1025 
1041 
1057 
1074 
1091 
1108 
1126 
1143 
1161 
1179 
1196 
1214 
1230 
1469 
1442 
1457 
1470 
1480 
1486 
1489 
1487 
1481 
1470 
1455 
1436 
1413 
1387 
1359 
1328 
1625 
1510 
1467 
1425 
1448 
1231 
1196 
1162 
1130 
1098 
1068 
1040 
1012 
986 
962 
938 
916 
895 
875 
856 
917 
791 
778 
766 
755 
744 
734 
725 
716 
708 
700 
693 
686 
679 
673 
667 
759 
676 
674 
673 
671 
670 
669 
669 
669 
669 
669 
670 
670 
671 
673 
674 
800 
742 
747 
753 
758 
764 
771 
778 
785 
792 
800 
808 
816 
825 
834 
843 
1016 
978 
992 
1007 
1022 
1038 
1054 
1070 
1087 
1104 
1121 
1138 
1156 
1173 
1190 
1207 
1441 
1415 
1432 
1446 
1458 
1467 
1472 
1474 
1471 
1463 
1451 
1435 
1415 
1391 
1364 
1335 
1634 
1519 
1477 
1434 
1456 
1237 
1202 
1168 
1134 
1102 
1072 
1042 
1014 
988 
963 
939 
916 
895 
875 
855 
916 
789 
777 
765 
753 
743 
733 
723 
714 
706 
698 
690 
683 
677 
671 
665 
756 
673 
671 
669 
668 
666 
665 
665 
664 
664 
664 
665 
666 
666 
668 
669 
793 
734 
739 
745 
750 
756 
762 
769 
775 
782 
790 
797 
805 
814 
822 
831 
1001 
962 
976 
990 
1004 
1019 
1034 
1050 
1066 
1082 
1099 
1116 
1133 
1150 
1166 
1183 
1413 
1387 
1405 
1420 
1434 
1444 
1452 
1456 
1456 
1452 
1443 
1430 
1413 
1392 
1367 
1339 
1639 
1526 
1484 
1441 
1462 
1242 
1206 
1171 
1137 
1105 
1074 
1044 
1015 
989 
963 
939 
916 
894 
874 
855 
914 
788 
775 
763 
751 
741 
731 
721 
712 
704 
696 
688 
681 
674 
668 
662 
752 
669 
667 
665 
664 
662 
661 
661 
660 
660 
660 
660 
661 
661 
663 
664 
786 
727 
732 
737 
742 
748 
753 
760 
766 
773 
780 
787 
795 
802 
811 
819 
985 
946 
959 
972 
986 
1000 
1015 
1030 
1045 
1061 
1077 
1093 
1110 
1126 
1142 
1158 
1384 
1358 
1376 
1392 
1407 
1419 
1429 
1435 
1438 
1436 
1431 
1421 
1406 
1388 
1365 
1339 
1641 
1529 
1487 
1445 
1466 
1245 
1209 
1173 
1139 
1106 
1074 
1044 
1015 
988 
962 
938 
915 
893 
873 
853 
912 
786 
773 
761 
749 
738 
728 
719 
710 
701 
693 
686 
678 
672 
665 
660 
748 
666 
663 
661 
660 
658 
657 
656 
656 
655 
655 
656 
656 
657 
657 
659 
778 
720 
724 
729 
734 
739 
745 
751 
757 
763 
770 
777 
784 
792 
799 
808 
970 
930 
943 
955 
969 
982 
996 
1010 
1025 
1040 
1055 
1071 
1087 
1102 
1118 
1134 
1354 
1328 
1346 
1363 
1378 
1391 
1402 
1411 
1416 
1417 
1414 
1407 
1395 
1379 
1359 
1335 
1639 
1528 
1487 
1445 
1467 
1246 
1209 
1174 
1139 
1106 
1074 
1043 
1014 
987 
961 
936 
913 
891 
871 
851 
909 
783 
770 
758 
747 
736 
726 
716 
707 
698 
690 
683 
676 
669 
663 
657 
745 
662 
660 
658 
656 
654 
653 
652 
651 
651 
651 
651 
651 
652 
652 
653 
771 
713 
717 
721 
726 
731 
737 
742 
748 
754 
760 
767 
774 
781 
788 
796 
955 
915 
927 
939 
951 
964 
977 
991 
1005 
1019 
1034 
1049 
1064 
1079 
1094 
1109 
1324 
1298 
1316 
1332 
1348 
1362 
1374 
1383 
1390 
1394 
1393 
1389 
1380 
1366 
1349 
1327 
1632 
1523 
1484 
1443 
1464 
1244 
1208 
1172 
1137 
1104 
1072 
1041 
1012 
985 
958 
934 
911 
889 
868 
849 
906 
780 
767 
755 
744 
733 
723 
713 
704 
696 
688 
680 
673 
666 
660 
654 
741 
658 
656 
654 
652 
650 
649 
648 
647 
646 
646 
646 
646 
647 
647 
648 
764 
706 
710 
714 
718 
723 
728 
733 
739 
745 
751 
757 
763 
770 
777 
785 
940 
900 
911 
922 
934 
947 
959 
972 
985 
999 
1013 
1027 
1041 
1056 
1070 
1085 
1294 
1267 
1285 
1301 
1317 
1331 
1344 
1354 
1362 
1367 
1369 
1366 
1360 
1349 
1334 
1315 
1620 
1513 
1476 
1436 
1458 
1239 
1203 
1168 
1133 
1100 
1068 
1037 
1008 
981 
955 
930 
907 
885 
865 
845 
902 
777 
764 
752 
740 
730 
720 
710 
701 
692 
684 
677 
670 
663 
657 
651 
737 
654 
652 
650 
648 
646 
645 
643 
643 
642 
642 
641 
641 
642 
642 
643 
757 
699 
702 
706 
711 
715 
720 
725 
730 
736 
741 
747 
753 
760 
766 
773 
926 
885 
895 
906 
918 
929 
941 
954 
966 
979 
992 
1006 
1019 
1033 
1047 
1061 
1264 
1237 
1254 
1270 
1285 
1299 
1312 
1323 
1332 
1338 
1341 
1341 
1337 
1328 
1316 
1299 
1602 
1498 
1463 
1425 
1448 
1232 
1196 
1162 
1127 
1094 
1063 
1032 
1003 
976 
950 
926 
903 
881 
861 
841 
898 
773 
760 
748 
737 
726 
716 
707 
698 
689 
681 
674 
666 
660 
653 
647 
732 
650 
648 
645 
644 
642 
640 
639 
638 
637 
637 
637 
636 
637 
637 
638 
751 
692 
695 
699 
703 
707 
712 
717 
721 
727 
732 
738 
743 
750 
756 
762 
912 
870 
880 
891 
901 
913 
924 
935 
947 
960 
972 
985 
997 
1010 
1023 
1037 
1234 
1207 
1222 
1238 
1253 
1267 
1279 
1291 
1300 
1307 
1311 
1312 
1310 
1303 
1293 
1278 
1580 
1479 
1446 
1410 
1435 
1221 
1187 
1153 
1119 
1087 
1055 
1025 
997 
970 
944 
920 
898 
876 
856 
837 
893 
769 
756 
744 
733 
722 
712 
703 
694 
686 
678 
670 
663 
656 
650 
644 
728 
646 
644 
641 
639 
638 
636 
635 
634 
633 
632 
632 
632 
632 
632 
632 
744 
685 
688 
692 
696 
700 
704 
708 
713 
718 
723 
728 
734 
739 
745 
752 
898 
856 
865 
875 
886 
896 
907 
918 
929 
940 
952 
964 
976 
988 
1001 
1013 
1205 
1176 
1192 
1206 
1221 
1234 
1246 
1257 
1267 
1274 
1279 
1281 
1280 
1275 
1267 
1254 
1554 
1455 
1424 
1391 
1417 
1207 
1174 
1141 
1109 
1077 
1046 
1017 
989 
963 
938 
914 
892 
870 
850 
832 
888 
764 
752 
740 
729 
718 
708 
699 
690 
682 
674 
666 
659 
653 
646 
640 
724 
642 
639 
637 
635 
633 
632 
630 
629 
628 
627 
627 
627 
627 
627 
627 
737 
678 
681 
684 
688 
692 
696 
700 
704 
709 
714 
719 
724 
730 
735 
741 
884 
842 
851 
860 
870 
880 
890 
900 
911 
922 
933 
944 
955 
967 
978 
990 
1176 
1147 
1161 
1175 
1188 
1201 
1213 
1224 
1233 
1240 
1246 
1248 
1248 
1245 
1237 
1227 
1523 
1427 
1399 
1367 
1395 
1190 
1159 
1127 
1096 
1065 
1035 
1007 
980 
954 
930 
906 
885 
864 
844 
826 
882 
759 
747 
735 
724 
714 
704 
695 
686 
678 
670 
663 
656 
649 
643 
637 
719 
638 
635 
633 
631 
629 
627 
626 
625 
624 
623 
622 
622 
622 
622 
622 
730 
671 
674 
677 
681 
684 
688 
692 
696 
700 
705 
710 
715 
720 
725 
731 
871 
828 
837 
846 
855 
864 
873 
883 
893 
903 
914 
924 
935 
945 
956 
967 
1148 
1118 
1131 
1144 
1157 
1169 
1180 
1190 
1199 
1206 
1211 
1214 
1215 
1212 
1206 
1197 
1489 
1395 
1369 
1340 
